31 40 0 9
0 0 0 0 0 0 0 0 0 0 0 0 0 0 0 0 0 0 0 0 0 0 0 0 0 0 0 0 0 0 0 0 0 0 0 0 0 0 0 0 
0 1 2 1 2 1 2 1 2 1 2 1 2 1 2 1 2 1 2 1 2 1 2 1 2 1 2 1 2 1 2 1 2 1 2 1 2 1 2 1 
2 3 2 3 2 3 2 3 2 3 2 3 2 3 2 3 2 3 2 3 2 7 2 3 2 3 5 3 2 3 1 2 1 2 1 2 1 2 1 0 
1 2 1 2 1 2 2 3 2 3 2 3 2 1 2 1 2 4 2 1 2 1 2 1 2 1 2 1 2 1 2 1 2 1 2 1 2 1 2 1 
0 3 1 2 1 2 1 2 1 2 1 2 1 2 4 2 1 2 1 2 1 2 1 2 1 2 1 2 1 2 1 2 1 2 1 2 1 2 0 1 
1 2 1 2 1 2 4 3 2 3 2 3 2 3 5 3 2 3 2 3 2 3 2 3 2 3 2 3 2 3 1 2 1 2 1 2 1 2 1 0 
0 3 1 2 1 2 1 2 1 2 1 2 1 2 1 2 1 2 1 2 1 2 1 2 1 2 1 2 1 2 1 2 1 2 1 2 9 5 0 1 
1 2 4 2 1 2 4 3 2 5 6 5 6 5 6 5 6 5 6 5 6 5 6 5 6 5 6 5 6 5 6 5 6 2 1 2 9 2 1 0  
0 1 2 1 2 3 5 4 5 7 7 8 7 7 8 7 7 7 7 8 7 8 7 7 7 8 7 7 7 7 7 7 5 2 9 3 2 1 2 1 
0 2 3 1 2 1 2 1 5 8 8 8 8 8 8 8 8 8 8 8 8 8 8 8 8 8 8 8 8 8 8 7 6 1 2 1 2 1 2 1   
1 2 3 3 2 1 2 1 6 9 9 9 7 9 9 9 9 9 9 9 9 9 9 9 9 9 9 9 9 9 8 7 5 1 2 1 4 1 1 0
0 0 1 1 2 2 1 2 3 9 9 9 9 9 9 9 9 9 9 9 9 9 9 9 9 9 9 9 9 9 8 7 5 1 2 1 2 5 1 0
1 2 3 3 2 1 2 1 5 9 9 9 9 9 9 9 9 9 9 9 9 9 9 9 9 0 9 9 9 9 8 7 2 1 2 1 2 1 1 0
0 9 9 1 2 1 2 1 5 9 9 9 9 9 9 9 9 9 9 9 9 9 9 9 0 9 0 9 9 9 8 7 1 2 1 5 1 1 0 0
0 1 2 3 3 1 2 1 5 8 9 9 9 9 0 9 1 9 0 9 9 9 9 9 9 0 0 9 9 9 9 8 2 1 2 1 2 4 5 0
0 0 1 1 2 2 1 2 6 9 9 9 9 0 0 9 9 0 0 9 9 9 9 9 9 9 9 9 9 9 8 7 1 1 2 1 2 1 0 0
0 0 1 1 2 2 4 5 6 9 9 9 9 9 9 9 9 1 1 9 9 9 9 9 9 9 9 9 9 9 8 7 1 2 1 2 1 0 0 0
1 2 3 3 4 4 5 5 7 9 9 9 9 9 9 9 9 9 9 9 9 9 9 9 9 2 9 9 9 9 8 7 2 1 2 1 2 1 5 0
0 0 1 1 2 2 4 5 6 9 9 9 9 9 9 9 9 9 9 9 9 9 9 0 9 9 9 9 9 9 8 7 1 1 2 1 2 1 0 0
0 1 2 3 3 3 3 5 5 9 9 7 9 9 9 9 9 9 9 9 9 9 9 0 0 9 9 9 9 9 9 1 1 2 1 9 1 4 0 0
0 2 3 1 1 3 3 4 5 8 8 8 8 8 8 8 8 8 9 8 8 8 8 7 8 8 8 8 8 8 8 7 1 1 2 1 2 9 0 1
0 1 2 1 2 3 5 6 5 9 9 7 9 7 7 8 7 8 8 7 9 7 9 7 7 7 2 9 7 7 7 7 0 0 1 1 2 1 2 1 
0 3 1 2 1 2 4 3 2 5 6 5 6 5 6 5 6 5 6 5 6 5 6 5 6 5 6 5 6 5 6 5 6 2 1 2 1 2 0 1 
1 2 1 2 1 2 4 3 2 3 2 3 2 3 2 3 2 3 2 3 2 3 2 3 2 3 2 3 2 3 1 2 1 2 4 8 1 2 1 0 
0 3 1 2 1 2 1 2 1 2 1 2 1 2 1 2 1 2 1 2 1 2 1 2 1 2 1 2 1 2 1 2 1 2 1 2 1 2 0 1 
1 2 1 2 1 2 4 3 2 3 2 3 2 3 2 3 2 3 2 3 2 3 2 3 2 3 2 3 2 3 1 2 1 2 3 2 1 2 1 0  
0 3 1 2 1 2 1 2 1 2 1 2 1 2 1 2 1 2 1 2 1 2 1 2 1 2 1 2 1 2 1 2 1 2 1 2 1 2 0 1 
0 1 2 1 2 1 2 1 2 1 2 1 2 1 5 1 2 1 2 1 2 1 2 1 5 1 2 1 2 1 2 1 2 1 2 5 2 1 2 1 
2 3 4 3 2 3 2 3 5 3 2 3 2 3 2 3 2 3 2 3 2 3 2 3 2 3 2 3 2 3 1 2 1 2 1 2 1 2 1 0 
1 2 1 2 5 2 2 3 2 3 2 3 2 1 2 1 2 1 2 1 2 1 2 1 2 1 2 1 2 1 2 1 2 1 2 1 2 1 2 1 
0 0 0 0 0 0 0 0 0 0 0 0 0 0 0 0 0 0 0 0 0 0 0 0 0 0 0 0 0 0 0 0 0 0 0 0 0 0 0 0 
