Initial Image
1 1 1 1 1 1 1 1 1 1 1 1 1 1 1 1 1 1 1 
1 1 1 1 1 1 1 1 1 1 1 1 1 1 1 1 1 1 1 
1 1 1 1 1 1 1 1 1 1 1 1 1 1 1 1 1 1 1 
1 1 1 1 1 1 1 1 1 1 1 1 1 1 1 1 1 1 1 
1 1 1 1 1 1 1 1 1 1 1 1 1 1 1 1 1 1 1 
1 1 1 1 1 1 1 1 1 1 1 1 1 1 1 1 1 1 1 
1 1 1 1 1 1 1 1 1 1 1 1 1 1 1 1 1 1 1 
1 1 1 1 1 1 1 1 1 1 1 1 1 1 1 1 1 1 1 
1 1 1 1 1 1 1 1 1 1 1 1 1 1 1 1 1 1 1 
1 1 1 1 1 1 1 1 1 1 1 1 1 1 1 1 1 1 1 
1 1 1 1 1 1 1 1 1 1 1 1 1 1 1 1 1 1 1 
1 1 1 1 1 1 1 1 1 1 1 1 1 1 1 1 1 1 1 
1 1 1 1 1 1 1 1 1 1 1 1 1 1 1 1 1 1 1 
1 1 1 1 1 1 1 1 1 1 1 1 1 1 1 1 1 1 1 
1 1 1 1 1 1 1 1 1 1 1 1 1 1 1 1 1 1 1 

Result of cycle #2 of North Thinning
1                                   1 
  1                               1   
  1 1 1 1 1 1 1 1 1 1 1 1 1 1 1 1 1   
  1 1 1 1 1 1 1 1 1 1 1 1 1 1 1 1 1   
  1 1 1 1 1 1 1 1 1 1 1 1 1 1 1 1 1   
  1 1 1 1 1 1 1 1 1 1 1 1 1 1 1 1 1   
  1 1 1 1 1 1 1 1 1 1 1 1 1 1 1 1 1   
  1 1 1 1 1 1 1 1 1 1 1 1 1 1 1 1 1   
  1 1 1 1 1 1 1 1 1 1 1 1 1 1 1 1 1   
  1 1 1 1 1 1 1 1 1 1 1 1 1 1 1 1 1   
  1 1 1 1 1 1 1 1 1 1 1 1 1 1 1 1 1   
  1 1 1 1 1 1 1 1 1 1 1 1 1 1 1 1 1   
  1 1 1 1 1 1 1 1 1 1 1 1 1 1 1 1 1   
  1 1 1 1 1 1 1 1 1 1 1 1 1 1 1 1 1   
1                                   1 

Result of cycle #2 of South Thinning
1                                   1 
  1                               1   
  1 1 1 1 1 1 1 1 1 1 1 1 1 1 1 1 1   
  1 1 1 1 1 1 1 1 1 1 1 1 1 1 1 1 1   
  1 1 1 1 1 1 1 1 1 1 1 1 1 1 1 1 1   
  1 1 1 1 1 1 1 1 1 1 1 1 1 1 1 1 1   
  1 1 1 1 1 1 1 1 1 1 1 1 1 1 1 1 1   
  1 1 1 1 1 1 1 1 1 1 1 1 1 1 1 1 1   
  1 1 1 1 1 1 1 1 1 1 1 1 1 1 1 1 1   
  1 1 1 1 1 1 1 1 1 1 1 1 1 1 1 1 1   
  1 1 1 1 1 1 1 1 1 1 1 1 1 1 1 1 1   
  1 1 1 1 1 1 1 1 1 1 1 1 1 1 1 1 1   
  1 1 1 1 1 1 1 1 1 1 1 1 1 1 1 1 1   
  1                               1   
1                                   1 

Result of cycle #2 of West Thinning
1                                   1 
  1                               1   
    1 1 1 1 1 1 1 1 1 1 1 1 1 1 1 1   
    1 1 1 1 1 1 1 1 1 1 1 1 1 1 1 1   
    1 1 1 1 1 1 1 1 1 1 1 1 1 1 1 1   
    1 1 1 1 1 1 1 1 1 1 1 1 1 1 1 1   
    1 1 1 1 1 1 1 1 1 1 1 1 1 1 1 1   
    1 1 1 1 1 1 1 1 1 1 1 1 1 1 1 1   
    1 1 1 1 1 1 1 1 1 1 1 1 1 1 1 1   
    1 1 1 1 1 1 1 1 1 1 1 1 1 1 1 1   
    1 1 1 1 1 1 1 1 1 1 1 1 1 1 1 1   
    1 1 1 1 1 1 1 1 1 1 1 1 1 1 1 1   
    1 1 1 1 1 1 1 1 1 1 1 1 1 1 1 1   
  1                               1   
1                                   1 

Result of cycle #2 of East Thinning
1                                   1 
  1                               1   
    1 1 1 1 1 1 1 1 1 1 1 1 1 1 1     
    1 1 1 1 1 1 1 1 1 1 1 1 1 1 1     
    1 1 1 1 1 1 1 1 1 1 1 1 1 1 1     
    1 1 1 1 1 1 1 1 1 1 1 1 1 1 1     
    1 1 1 1 1 1 1 1 1 1 1 1 1 1 1     
    1 1 1 1 1 1 1 1 1 1 1 1 1 1 1     
    1 1 1 1 1 1 1 1 1 1 1 1 1 1 1     
    1 1 1 1 1 1 1 1 1 1 1 1 1 1 1     
    1 1 1 1 1 1 1 1 1 1 1 1 1 1 1     
    1 1 1 1 1 1 1 1 1 1 1 1 1 1 1     
    1 1 1 1 1 1 1 1 1 1 1 1 1 1 1     
  1                               1   
1                                   1 

Result of cycle #4 of North Thinning
1                                   1 
  1                               1   
    1                           1     
      1                       1       
      1 1 1 1 1 1 1 1 1 1 1 1 1       
      1 1 1 1 1 1 1 1 1 1 1 1 1       
      1 1 1 1 1 1 1 1 1 1 1 1 1       
      1 1 1 1 1 1 1 1 1 1 1 1 1       
      1 1 1 1 1 1 1 1 1 1 1 1 1       
      1 1 1 1 1 1 1 1 1 1 1 1 1       
      1 1 1 1 1 1 1 1 1 1 1 1 1       
      1 1 1 1 1 1 1 1 1 1 1 1 1       
    1                           1     
  1                               1   
1                                   1 

Result of cycle #4 of South Thinning
1                                   1 
  1                               1   
    1                           1     
      1                       1       
      1 1 1 1 1 1 1 1 1 1 1 1 1       
      1 1 1 1 1 1 1 1 1 1 1 1 1       
      1 1 1 1 1 1 1 1 1 1 1 1 1       
      1 1 1 1 1 1 1 1 1 1 1 1 1       
      1 1 1 1 1 1 1 1 1 1 1 1 1       
      1 1 1 1 1 1 1 1 1 1 1 1 1       
      1 1 1 1 1 1 1 1 1 1 1 1 1       
      1                       1       
    1                           1     
  1                               1   
1                                   1 

Result of cycle #4 of West Thinning
1                                   1 
  1                               1   
    1                           1     
      1                       1       
        1 1 1 1 1 1 1 1 1 1 1 1       
        1 1 1 1 1 1 1 1 1 1 1 1       
        1 1 1 1 1 1 1 1 1 1 1 1       
        1 1 1 1 1 1 1 1 1 1 1 1       
        1 1 1 1 1 1 1 1 1 1 1 1       
        1 1 1 1 1 1 1 1 1 1 1 1       
        1 1 1 1 1 1 1 1 1 1 1 1       
      1                       1       
    1                           1     
  1                               1   
1                                   1 

Result of cycle #4 of East Thinning
1                                   1 
  1                               1   
    1                           1     
      1                       1       
        1 1 1 1 1 1 1 1 1 1 1         
        1 1 1 1 1 1 1 1 1 1 1         
        1 1 1 1 1 1 1 1 1 1 1         
        1 1 1 1 1 1 1 1 1 1 1         
        1 1 1 1 1 1 1 1 1 1 1         
        1 1 1 1 1 1 1 1 1 1 1         
        1 1 1 1 1 1 1 1 1 1 1         
      1                       1       
    1                           1     
  1                               1   
1                                   1 

End of Thinning Result
1                                   1 
  1                               1   
    1                           1     
      1                       1       
        1                   1         
          1               1           
            1           1             
            1 1 1 1 1 1 1             
            1           1             
          1               1           
        1                   1         
      1                       1       
    1                           1     
  1                               1   
1                                   1 

