Below is the result after Pass 1
              1 1                               2 
  3 3   4     1 1           5 5 5               2 
  3 3   4     1 1   6       5 5 5     7 7 7     2 
3 3 3 3 3     1 1   6   8   5   5         7     2 
  3 3   3     1 1   6   8   5 5 5     9 7 7     2 
  3 3 3 3     1 1   6   8   5 5 5     7 7 7       
3 3 3   3     1 1   6   8   5 5 5     7           
  3 3   3     1 1   6   8   5 5 5     7   10     11 
  3 3   3     1 1   6   8   5 5 5     7   10     11 
  3 3   3     1 1   6   8 5 5 5 5     7 7 7     11 
3                         5                   11 11 
  3 3   12 12 12 12 12           5 5 5   13   14   11     
  3 3   12 12 12 12 12           5 5 5     13 13   11   15 
  3 3   12 12 12 12 12           5 5 5         11     15 
  3 3   12     12 12   16   17   5 5 5     18     11 11 11 
              12 12   16                           11 
  19 19   20     12 12     16     21 21 21               11 
  19 19   20     12 12   16   16   21 21 21     22 22 22   11 11 
  19 19 19 19     12 12   16   16   21   21       22 22     11 
  19 19   19 19 12 12 12   16   16 16 16 16 16     22 22 22       

Below is the EQary after Pass 1
0 1 2 3 3 5 6 7 5 7 7 11 12 11 13 11 16 17 18 12 19 16 22 

Below is the result after Pass 2
              1 1                               2 
  3 3   3     1 1           5 5 5               2 
  3 3   3     1 1   6       5 5 5     7 7 7     2 
3 3 3 3 3     1 1   6   5   5   5         7     2 
  3 3   3     1 1   6   5   5 5 5     7 7 7     2 
  3 3 3 3     1 1   6   5   5 5 5     7 7 7       
3 3 3   3     1 1   6   5   5 5 5     7           
  3 3   3     1 1   6   5   5 5 5     7   7     11 
  3 3   3     1 1   6   5   5 5 5     7   7     11 
  3 3   3     1 1   6   5 5 5 5 5     7 7 7     11 
3                         5                   11 11 
  3 3   12 12 12 12 12           5 5 5   11   11   11     
  3 3   12 12 12 12 12           5 5 5     11 11   11   11 
  3 3   12 12 12 12 12           5 5 5         11     11 
  3 3   12     12 12   16   17   5 5 5     18     11 11 11 
              12 12   16                           11 
  12 12   12     12 12     16     16 16 16               11 
  12 12   12     12 12   16   16   16 16 16     22 22 22   11 11 
  12 12 12 12     12 12   16   16   16   16       22 22     11 
  19 19   12 12 12 12 12   16   16 16 16 16 16     22 22 22       

Below is the EQary after Pass 2
0 1 2 3 3 5 6 7 5 7 7 11 12 11 13 11 16 17 18 12 19 16 22 

Below is the EQary after ManageEQAry
0 1 2 3 3 4 5 6 4 6 6 7 8 7 7 7 9 10 11 8 8 9 12 

Below is the result after Pass 3
              1 1                               2 
  3 3   3     1 1           4 4 4               2 
  3 3   3     1 1   5       4 4 4     6 6 6     2 
3 3 3 3 3     1 1   5   4   4   4         6     2 
  3 3   3     1 1   5   4   4 4 4     6 6 6     2 
  3 3 3 3     1 1   5   4   4 4 4     6 6 6       
3 3 3   3     1 1   5   4   4 4 4     6           
  3 3   3     1 1   5   4   4 4 4     6   6     7 
  3 3   3     1 1   5   4   4 4 4     6   6     7 
  3 3   3     1 1   5   4 4 4 4 4     6 6 6     7 
3                         4                   7 7 
  3 3   8 8 8 8 8           4 4 4   7   7   7     
  3 3   8 8 8 8 8           4 4 4     7 7   7   7 
  3 3   8 8 8 8 8           4 4 4         7     7 
  3 3   8     8 8   9   10   4 4 4     11     7 7 7 
              8 8   9                           7 
  8 8   8     8 8     9     9 9 9               7 
  8 8   8     8 8   9   9   9 9 9     12 12 12   7 7 
  8 8 8 8     8 8   9   9   9   9       12 12     7 
  8 8   8 8 8 8 8   9   9 9 9 9 9     12 12 12       

Below is the EQary after Pass 3
0 1 2 3 3 4 5 6 4 6 6 7 8 7 7 7 9 10 11 8 8 9 12 

