Result of Erosion
                                                
                                                
                                                
                  1           1                 
                  1           1                 
                  1           1                 
                  1           1                 
      1 1 1 1 1 1 1 1 1 1 1 1 1 1 1 1 1 1 1     
                  1           1                 
                  1           1                 
                  1           1                 
                  1           1                 
                  1           1                 
      1 1 1 1 1 1 1 1 1 1 1 1 1 1 1 1 1 1 1     
                  1           1                 
                  1           1                 
                  1           1                 
                  1           1                 
                  1           1                 
                  1           1                 
                  1           1                 
      1 1 1 1 1 1 1 1 1 1 1 1 1 1 1 1 1 1 1     
                                                
                                                
