Result of Opening
                                                
                                                
                1 1 1       1 1 1               
                1 1 1       1 1 1               
                1 1 1       1 1 1               
                1 1 1       1 1 1               
    1 1 1 1 1 1 1 1 1 1 1 1 1 1 1 1 1 1 1 1 1   
    1 1 1 1 1 1 1 1 1 1 1 1 1 1 1 1 1 1 1 1 1   
    1 1 1 1 1 1 1 1 1 1 1 1 1 1 1 1 1 1 1 1 1   
                1 1 1       1 1 1               
                1 1 1       1 1 1               
                1 1 1       1 1 1               
    1 1 1 1 1 1 1 1 1 1 1 1 1 1 1 1 1 1 1 1 1   
    1 1 1 1 1 1 1 1 1 1 1 1 1 1 1 1 1 1 1 1 1   
    1 1 1 1 1 1 1 1 1 1 1 1 1 1 1 1 1 1 1 1 1   
                1 1 1       1 1 1               
                1 1 1       1 1 1               
                1 1 1       1 1 1               
                1 1 1       1 1 1               
                1 1 1       1 1 1               
    1 1 1 1 1 1 1 1 1 1 1 1 1 1 1 1 1 1 1 1 1   
    1 1 1 1 1 1 1 1 1 1 1 1 1 1 1 1 1 1 1 1 1   
    1 1 1 1 1 1 1 1 1 1 1 1 1 1 1 1 1 1 1 1 1   
                                                
