Result of Closing
                                                
                                                
                1 1 1       1 1 1               
        1 1 1 1 1 1 1       1 1 1 1 1 1 1       
        1 1 1 1 1 1 1       1 1 1 1 1 1 1       
        1 1 1 1 1 1 1       1 1 1 1 1 1 1       
    1 1 1 1 1 1 1 1 1 1 1 1 1 1 1 1 1 1 1 1 1   
    1 1 1 1 1 1 1 1 1 1 1 1 1 1 1 1 1 1 1 1 1   
    1 1 1 1 1 1 1 1 1 1 1 1 1 1 1 1 1 1 1 1 1   
                1 1 1       1 1 1               
                1 1 1       1 1 1               
                1 1 1       1 1 1               
    1 1 1 1 1 1 1 1 1 1 1 1 1 1 1 1 1 1 1 1 1   
    1 1 1 1 1 1 1 1 1 1 1 1 1 1 1 1 1 1 1 1 1   
    1 1 1 1 1 1 1 1 1 1 1 1 1 1 1 1 1 1 1 1 1   
      1 1 1 1 1 1 1 1       1 1 1 1 1 1 1       
      1 1 1 1 1 1 1 1       1 1 1 1 1 1 1       
      1 1 1 1 1 1 1 1       1 1 1 1 1 1 1       
      1 1 1 1 1 1 1 1       1 1 1 1 1 1 1       
      1 1 1 1 1 1 1 1       1 1 1 1 1 1 1       
    1 1 1 1 1 1 1 1 1 1 1 1 1 1 1 1 1 1 1 1 1   
    1 1 1 1 1 1 1 1 1 1 1 1 1 1 1 1 1 1 1 1 1   
    1 1 1 1 1 1 1 1 1 1 1 1 1 1 1 1 1 1 1 1 1   
                                                
