31 40 0 9
0 0 0 0 0 0 0 0 0 0 0 0 0 0 0 0 0 0 0 0 0 0 0 0 0 0 0 0 0 0 0 0 0 0 0 0 0 0 0 0 
0 1 1 2 1 2 1 2 1 2 1 2 1 2 1 2 1 2 1 2 1 2 1 2 1 2 1 2 1 1 1 1 1 1 1 1 1 1 1 0 
1 2 2 2 2 2 2 2 2 2 2 2 2 2 2 2 2 2 2 2 2 2 2 2 2 2 2 2 2 2 1 2 1 2 1 2 1 2 1 1 
2 2 2 2 2 2 2 2 2 2 2 2 2 2 2 2 2 2 2 2 2 2 2 2 2 2 2 2 2 2 2 1 2 1 2 1 2 1 1 1 
1 1 2 1 2 2 2 2 2 2 2 2 2 2 2 2 2 2 2 2 2 2 2 2 2 2 2 2 2 2 2 1 2 1 2 1 2 1 1 1 
1 1 2 1 2 1 2 2 2 2 2 2 2 2 2 2 2 2 2 2 2 2 2 2 2 2 2 2 2 1 2 1 2 1 2 1 2 1 1 1 
1 1 2 1 2 2 2 2 2 2 3 2 3 3 3 3 3 2 3 2 3 2 3 2 3 2 3 2 3 2 2 2 2 1 2 2 2 2 1 0 
1 1 2 2 2 2 3 3 3 5 5 6 5 6 5 6 5 6 5 6 5 6 5 6 5 6 5 6 5 6 5 5 2 2 2 2 2 2 1 1 
1 2 2 2 2 2 3 4 5 6 7 7 7 7 7 7 7 7 7 7 8 7 7 7 7 7 7 7 7 7 7 6 5 2 2 2 2 2 1 1 
1 2 2 2 2 2 2 4 5 7 8 8 8 8 8 8 8 8 8 8 8 8 8 8 8 8 8 8 8 8 7 7 5 2 2 2 1 2 1 1 
0 1 2 2 2 2 1 2 5 8 9 9 9 9 9 9 9 9 9 9 9 9 9 9 9 9 9 9 9 8 8 7 5 2 1 2 1 2 1 1 
1 1 2 2 2 2 1 2 5 9 9 9 9 9 9 9 9 9 9 9 9 9 9 9 9 9 9 9 9 9 8 7 5 2 1 2 1 1 1 0 
0 1 2 2 2 2 1 2 5 9 9 9 9 9 9 9 9 9 9 9 9 9 9 9 9 9 9 9 9 9 8 7 2 2 1 2 1 1 1 0 
1 2 3 3 2 2 1 2 5 9 9 9 9 9 9 9 9 9 9 9 9 9 9 9 9 0 9 9 9 9 8 7 2 2 1 2 1 1 1 0 
0 1 1 2 2 2 1 2 5 9 9 9 9 9 9 9 9 9 9 9 9 9 9 9 9 9 9 9 9 9 8 7 2 1 1 2 1 1 0 0 
0 0 1 2 2 2 2 4 6 9 9 9 9 9 9 9 9 1 1 9 9 9 9 9 9 9 9 9 9 9 8 7 2 1 1 2 1 1 0 0 
0 1 1 2 2 2 4 5 6 9 9 9 9 9 9 9 9 9 9 9 9 9 9 9 9 9 9 9 9 9 8 7 2 1 1 2 1 1 0 0 
0 1 1 2 2 4 4 5 6 9 9 9 9 9 9 9 9 9 9 9 9 9 9 9 9 9 9 9 9 9 8 7 2 1 1 2 1 1 0 0 
0 1 2 3 3 3 4 5 6 9 9 9 9 9 9 9 9 9 9 9 9 9 9 9 9 9 9 9 9 9 8 7 1 1 1 2 1 1 0 0 
0 1 1 2 2 3 3 5 5 8 9 9 9 9 9 9 9 9 9 9 9 9 8 8 8 9 9 9 9 9 8 7 1 1 1 2 2 1 0 0 
0 1 2 2 3 3 3 5 5 8 8 8 8 8 8 8 8 8 8 9 8 9 8 7 7 8 8 8 8 8 7 7 1 1 1 1 2 2 1 1 
0 1 2 1 2 3 3 4 5 6 8 8 7 7 7 7 8 8 8 8 7 8 7 7 7 7 7 7 7 7 7 6 2 1 1 1 2 2 1 1 
1 1 2 1 2 2 3 4 3 5 5 6 5 6 5 6 5 6 5 6 5 6 5 6 5 5 5 5 5 6 5 5 2 1 2 1 2 1 1 1 
1 1 2 1 2 2 2 2 2 2 3 2 3 2 3 2 3 2 3 2 3 2 3 2 3 2 3 2 3 2 2 2 2 2 2 1 2 1 1 1 
1 1 2 1 2 2 2 2 2 2 2 2 2 2 2 2 2 2 2 2 2 2 2 2 2 2 2 2 2 2 2 1 2 2 2 2 2 1 1 0 
1 1 2 1 2 1 2 2 2 2 2 2 2 2 2 2 2 2 2 2 2 2 2 2 2 2 2 2 2 1 2 1 2 1 2 1 2 1 1 1 
1 1 2 1 2 2 2 2 2 2 2 2 2 2 2 2 2 2 2 2 2 2 2 2 2 2 2 2 2 2 2 1 2 2 2 2 2 1 1 1 
1 2 2 2 2 2 2 2 2 2 2 2 2 2 2 2 2 2 2 2 2 2 2 2 2 2 2 2 2 2 2 1 2 1 2 2 2 1 1 1 
1 2 2 2 2 2 2 2 3 2 2 2 2 2 2 2 2 2 2 2 2 2 2 2 2 2 2 2 2 2 1 2 1 2 2 2 2 2 1 1 
1 1 2 2 2 2 2 2 3 2 2 2 2 2 1 2 1 2 1 2 1 2 1 2 1 2 1 2 1 1 1 1 1 1 1 1 1 1 1 0 
0 0 0 0 0 0 0 0 0 0 0 0 0 0 0 0 0 0 0 0 0 0 0 0 0 0 0 0 0 0 0 0 0 0 0 0 0 0 0 0 
